[ 2.37228543e-03  1.25113921e+01  9.83884644e-01  3.88232613e+02
  4.57021795e-01  2.78565734e+02  1.54041906e+03  7.15156107e+00
  9.42052696e+00  9.63204305e-04  2.52913258e+00 -4.71356835e-01
  9.98417803e-01]
[ 5.59339563e-03  3.99568921e+00  9.96094355e-01  5.11474536e+02
  5.40483197e-01  3.90035350e+02  2.04190246e+03  6.85135842e+00
  8.60352874e+00  1.20500451e-03  2.14742870e+00 -5.31628637e-01
  9.98953430e-01]
[ 4.28918463e-03  6.40523478e+00  9.97732977e-01  1.41255196e+03
  5.44324952e-01  3.26248930e+02  5.64380261e+03  7.33376820e+00
  9.08180477e+00  1.17286376e-03  2.16543421e+00 -5.67518744e-01
  9.99598821e-01]
[ 4.63240810e-03  4.26067221e+00  9.99020530e-01  2.17472441e+03
  5.54669776e-01  4.10952388e+02  8.69463699e+03  7.25970649e+00
  9.01575198e+00  1.10210561e-03  2.18536219e+00 -5.62739687e-01
  9.99532280e-01]
[ 3.07048392e-03  8.31470073e+00  9.91677862e-01  4.99518238e+02
  3.97841066e-01  3.47546376e+02  1.98975825e+03  6.79605592e+00
  9.24081078e+00  8.66993422e-04  2.66618060e+00 -4.11443818e-01
  9.95709400e-01]
[ 4.16632688e-03  7.21310781e+00  9.96105786e-01  9.26011406e+02
  5.46640115e-01  4.23700299e+02  3.69683252e+03  7.16010548e+00
  8.97515209e+00  1.09136238e-03  2.24009941e+00 -5.44130857e-01
  9.99334072e-01]
[ 7.56008299e-03  5.46102095e+00  9.95902036e-01  6.66277681e+02
  6.68650978e-01  3.44922481e+02  2.65964970e+03  7.05185294e+00
  8.40788105e+00  1.68591446e-03  2.01219072e+00 -6.25306069e-01
  9.99738912e-01]
[ 4.40654700e-03  8.09889381e+00  9.95996356e-01  1.01135910e+03
  4.54066400e-01  3.59119941e+02  4.03733749e+03  6.82677954e+00
  9.03396212e+00  9.43698917e-04  2.54980625e+00 -4.53672431e-01
  9.97412983e-01]
[ 2.61585178e-03  9.98032169e+00  9.90540022e-01  5.27580842e+02
  4.78202926e-01  3.50891783e+02  2.10034305e+03  7.24454090e+00
  9.24970550e+00  1.08998980e-03  2.27113593e+00 -5.20199929e-01
  9.99204936e-01]
[ 3.57064898e-03  7.98995692e+00  9.91711961e-01  4.82016074e+02
  5.45386091e-01  3.03564028e+02  1.92007434e+03  7.19759005e+00
  8.95397743e+00  1.21778575e-03  2.13240830e+00 -5.56482359e-01
  9.99470486e-01]
[ 2.89312289e-03  5.83296302e+00  9.97004092e-01  9.73393587e+02
  5.02701014e-01  4.17083177e+02  3.88774139e+03  7.48877992e+00
  9.39842199e+00  1.01354412e-03  2.31735061e+00 -5.52358378e-01
  9.99589520e-01]
[ 7.13092552e-03  2.29544350e+00  9.93458226e-01  1.75468511e+02
  6.54309081e-01  3.14447329e+02  6.99578601e+02  6.61434272e+00
  7.82435778e+00  1.68375252e-03  1.63963088e+00 -6.08656773e-01
  9.99426070e-01]
[ 4.83310966e-03  3.67597773e+00  9.95558452e-01  4.13784166e+02
  5.54449023e-01  2.95228728e+02  1.65146068e+03  6.90460282e+00
  8.58818842e+00  1.28415012e-03  2.07492989e+00 -5.47792174e-01
  9.99189896e-01]
[ 9.30709147e-03  2.11031868e+02  8.24540371e-01  6.02616834e+02
  6.31193039e-01  3.10994719e+02  2.19943547e+03  6.51782159e+00
  7.92672776e+00  1.32835068e-03  1.85261170e+00 -5.68482645e-01
  9.98970725e-01]
[ 8.75388912e-03  2.23269296e+02  9.39393843e-01  1.84281356e+03
  7.26007633e-01  3.29214316e+02  7.14798495e+03  7.23979316e+00
  8.30191763e+00  1.60111711e-03  1.63502185e+00 -6.90012487e-01
  9.99910103e-01]
[ 8.35122320e-03  2.21180143e+02  8.98534688e-01  1.09076726e+03
  6.78860723e-01  3.37288229e+02  4.14188889e+03  6.92534565e+00
  8.22275310e+00  1.41759667e-03  1.82877680e+00 -6.25071214e-01
  9.99681719e-01]
[ 2.14369448e-03  1.85826257e+02  9.58397836e-01  2.23476386e+03
  5.37866678e-01  2.85638158e+02  8.75322917e+03  7.89694441e+00
  9.79428832e+00  1.06588741e-03  2.24895847e+00 -5.82741513e-01
  9.99820190e-01]
[ 5.86266748e-03  2.22356341e+02  9.13899999e-01  1.29229036e+03
  6.02230200e-01  3.19409649e+02  4.94680510e+03  7.19906861e+00
  8.76331266e+00  1.22192813e-03  2.01540650e+00 -5.91090718e-01
  9.99636827e-01]
[ 4.10186193e-03  2.87669749e+02  9.49748963e-01  2.86256874e+03
  5.80995049e-01  3.71809029e+02  1.11626052e+04  7.79670442e+00
  9.46508239e+00  1.09192167e-03  2.19403929e+00 -6.19893769e-01
  9.99885774e-01]
[ 8.06348921e-03  2.16120907e+02  8.67296917e-01  8.15506831e+02
  6.36338823e-01  3.11604133e+02  3.04590642e+03  6.76474287e+00
  8.14038749e+00  1.35023012e-03  1.82120647e+00 -5.93007304e-01
  9.99416010e-01]
[ 5.92958459e-03  2.34050815e+02  9.54111696e-01  2.55098837e+03
  5.73905457e-01  3.27113758e+02  9.96990267e+03  7.13475771e+00
  8.84784532e+00  1.13224600e-03  2.16452364e+00 -5.61531809e-01
  9.99434890e-01]
[ 3.44318479e-03  2.67173227e+02  9.79338217e-01  6.46577838e+03
  5.44912335e-01  3.15973313e+02  2.55959403e+04  7.70774875e+00
  9.49756728e+00  1.06905740e-03  2.22815070e+00 -5.86004295e-01
  9.99786787e-01]
[ 5.49987495e-03  2.03901995e+02  9.39545301e-01  1.68756716e+03
  5.93180576e-01  3.05605642e+02  6.54636666e+03  7.25077136e+00
  8.84504133e+00  1.19227325e-03  2.06400998e+00 -5.89320603e-01
  9.99654604e-01]
[ 3.80659078e-03  2.10154175e+02  9.26107103e-01  1.42322499e+03
  6.40886031e-01  3.04745921e+02  5.48274580e+03  7.75884063e+00
  9.18390984e+00  1.28843256e-03  1.97076688e+00 -6.53165486e-01
  9.99924295e-01]
[ 1.15053572e-02  2.20322595e+02  9.63997992e-01  3.06063525e+03
  6.79260311e-01  3.20930312e+02  1.20222184e+04  7.46060755e+00
  8.71923273e+00  1.38752827e-03  1.89919277e+00 -6.77332711e-01
  9.99926496e-01]
[ 1.10491099e-02  2.48681724e+02  9.54902019e-01  2.75783080e+03
  6.60230025e-01  3.29103227e+02  1.07826415e+04  7.52797081e+00
  8.91674680e+00  1.30053184e-03  2.08565069e+00 -6.67852741e-01
  9.99927193e-01]
[ 1.76841689e-02  2.50879356e+02  9.64830739e-01  3.56705231e+03
  6.97753030e-01  3.54188509e+02  1.40173299e+04  6.72658335e+00
  7.93867537e+00  1.46585875e-03  1.89289099e+00 -6.41848075e-01
  9.99689996e-01]
[ 2.30996494e-02  2.02216434e+02  8.63593089e-01  7.42580943e+02
  7.45075527e-01  3.01175221e+02  2.76810734e+03  5.92348751e+00
  6.90018162e+00  1.69418998e-03  1.56133824e+00 -6.27663605e-01
  9.98983701e-01]
